When you put the loop for blocks in between loops for i and k,
 Dimension       Time    Gflop/s       GB/s        Error
        16   0.431689   4.632973   6.949459 0.000000e+00
        64   0.274589   7.284203  10.926304 0.000000e+00
       112   0.280163   7.140909  10.711363 0.000000e+00
       160   0.299947   6.691315  10.036972 0.000000e+00
       208   0.344750   5.847004   8.770507 0.000000e+00
       256   0.398966   5.046212   7.569319 0.000000e+00
       304   0.331981   6.093118   9.139677 0.000000e+00
       352   0.320833   6.253269   9.379904 0.000000e+00
       400   0.320392   6.392173   9.588260 0.000000e+00
       448   0.351279   6.143183   9.214774 0.000000e+00
       496   0.350822   6.260815   9.391223 0.000000e+00
       544   0.358945   6.279097   9.418645 0.000000e+00
       592   0.333449   6.222079   9.333119 0.000000e+00
       640   0.330054   6.353966   9.530949 0.000000e+00
       688   0.404338   6.443330   9.664995 0.000000e+00
       736   0.371649   6.436526   9.654789 0.000000e+00
       784   0.427264   6.767104  10.150655 0.000000e+00
       832   0.331606   6.947159  10.420738 0.000000e+00
       880   0.393080   6.934692  10.402039 0.000000e+00
       928   0.463183   6.901624  10.352436 0.000000e+00
       976   0.539941   6.887524  10.331286 0.000000e+00
      1024   0.311979   6.883424  10.325136 0.000000e+00
      1072   0.363733   6.773780  10.160670 0.000000e+00
      1120   0.405564   6.928266  10.392399 0.000000e+00
      1168   0.459555   6.934588  10.401882 0.000000e+00
      1216   0.518701   6.932885  10.399328 0.000000e+00
      1264   0.602341   6.705463  10.058195 0.000000e+00
      1312   0.682929   6.613873   9.920809 0.000000e+00
      1360   0.755543   6.658667   9.988000 0.000000e+00
      1408   0.837593   6.665070   9.997605 0.000000e+00
      1456   0.929891   6.638687   9.958030 0.000000e+00
      1504   1.039485   6.545687   9.818531 0.000000e+00
      1552   1.139310   6.562408   9.843612 0.000000e+00
      1600   1.269252   6.454197   9.681296 0.000000e+00
      1648   1.467645   6.099307   9.148961 0.000000e+00
      1696   1.611802   6.053352   9.080028 0.000000e+00
      1744   1.807852   5.868224   8.802335 0.000000e+00
      1792   2.054724   5.601323   8.401985 0.000000e+00
      1840   2.360100   5.279016   7.918525 0.000000e+00
      1888   2.747569   4.898773   7.348159 0.000000e+00
      1936   3.064065   4.736396   7.104595 0.000000e+00
      1984   3.513355   4.445626   6.668439 0.000000e+00


When you put the loop for blocks outside the loops for i and k,

Dimension       Time    Gflop/s       GB/s        Error
        16   0.440630   4.538959   6.808438 0.000000e+00
        64   0.265299   7.539270  11.308906 0.000000e+00
       112   0.261064   7.663333  11.495000 0.000000e+00
       160   0.319217   6.287384   9.431076 0.000000e+00
       208   0.388269   5.191644   7.787466 0.000000e+00
       256   0.414247   4.860060   7.290089 0.000000e+00
       304   0.420153   4.814436   7.221654 0.000000e+00
       352   0.404912   4.954794   7.432191 0.000000e+00
       400   0.407302   5.028204   7.542306 0.000000e+00
       448   0.440241   4.901789   7.352683 0.000000e+00
       496   0.450447   4.876114   7.314171 0.000000e+00
       544   0.450883   4.998742   7.498112 0.000000e+00
       592   0.408619   5.077456   7.616184 0.000000e+00
       640   0.431251   4.862946   7.294420 0.000000e+00
       688   0.533687   4.881670   7.322506 0.000000e+00
       736   0.480894   4.974334   7.461502 0.000000e+00
       784   0.583728   4.953234   7.429851 0.000000e+00
       832   0.460704   5.000439   7.500658 0.000000e+00
       880   0.551712   4.940785   7.411177 0.000000e+00
       928   0.638639   5.005514   7.508271 0.000000e+00
       976   0.758199   4.904855   7.357282 0.000000e+00
      1024   0.461476   4.653516   6.980273 0.000000e+00
      1072   0.526902   4.676104   7.014155 0.000000e+00
      1120   0.598162   4.697480   7.046220 0.000000e+00
      1168   0.687317   4.636618   6.954927 0.000000e+00
      1216   0.762896   4.713740   7.070610 0.000000e+00
      1264   0.853580   4.731805   7.097707 0.000000e+00
      1312   0.966230   4.674673   7.012009 0.000000e+00
      1360   1.085548   4.634445   6.951667 0.000000e+00
      1408   1.193357   4.678080   7.017121 0.000000e+00
      1456   1.326426   4.654049   6.981074 0.000000e+00
      1504   1.471786   4.623054   6.934581 0.000000e+00
      1552   1.628750   4.590402   6.885603 0.000000e+00
      1600   1.787196   4.583717   6.875575 0.000000e+00
      1648   2.006088   4.462228   6.693341 0.000000e+00
      1696   2.222936   4.389152   6.583729 0.000000e+00
      1744   2.495088   4.251905   6.377858 0.000000e+00
      1792   2.711957   4.243861   6.365792 0.000000e+00
      1840   3.252774   3.830272   5.745408 0.000000e+00
      1888   3.698957   3.638788   5.458182 0.000000e+00
      1936   4.240112   3.422699   5.134049 0.000000e+00
      1984   5.226152   2.988636   4.482954 0.000000e+00

When you put the loop for blocks inside the loops for i and k,


Dimension       Time    Gflop/s       GB/s        Error
        16   0.868571   2.302637   3.453956 0.000000e+00
        64   1.074206   1.861987   2.792981 0.000000e+00
       112   1.550098   1.290640   1.935959 0.000000e+00
       160   1.557042   1.289009   1.933513 0.000000e+00
       208   1.655295   1.217763   1.826644 0.000000e+00
       256   2.212193   0.910077   1.365116 0.000000e+00
       304   1.728401   1.170331   1.755497 0.000000e+00
       352   1.729162   1.160246   1.740369 0.000000e+00
       400   1.781660   1.149490   1.724235 0.000000e+00
       448   1.921461   1.123088   1.684632 0.000000e+00
       496   1.911859   1.148845   1.723268 0.000000e+00
       544   1.989374   1.132943   1.699415 0.000000e+00
       592   1.826654   1.135818   1.703728 0.000000e+00
       640   2.285056   0.917768   1.376652 0.000000e+00
       688   2.304490   1.130526   1.695789 0.000000e+00
       736   2.123868   1.126308   1.689462 0.000000e+00
       784   2.826700   1.022868   1.534302 0.000000e+00
       832   2.493986   0.923711   1.385566 0.000000e+00
       880   2.426801   1.123243   1.684865 0.000000e+00
       928   2.870535   1.113631   1.670446 0.000000e+00
       976   3.337840   1.114151   1.671226 0.000000e+00
      1024   2.390712   0.898261   1.347392 0.000000e+00
      1072   2.207282   1.116237   1.674356 0.000000e+00
      1120   2.645426   1.062156   1.593234 0.000000e+00
      1168   2.874654   1.108595   1.662893 0.000000e+00
      1216   4.001316   0.898727   1.348091 0.000000e+00
      1264   3.663615   1.102456   1.653685 0.000000e+00
      1312   4.779301   0.945077   1.417615 0.000000e+00
      1360   5.336227   0.942784   1.414177 0.000000e+00
      1408   6.224214   0.896920   1.345379 0.000000e+00
      1456   5.670011   1.088755   1.633133 0.000000e+00
      1504   7.924116   0.858663   1.287994 0.000000e+00
      1552   7.640005   0.978614   1.467921 0.000000e+00
      1600   9.972697   0.821443   1.232164 0.000000e+00
      1648   9.270897   0.965561   1.448342 0.000000e+00
      1696  13.266126   0.735467   1.103201 0.000000e+00
      1744  12.560239   0.844640   1.266960 0.000000e+00
      1792  15.492179   0.742902   1.114353 0.000000e+00
      1840  18.027204   0.691123   1.036684 0.000000e+00
      1888  19.383028   0.694407   1.041611 0.000000e+00
      1936  21.650538   0.670313   1.005469 0.000000e+00
      1984  23.947116   0.652232   0.978347 0.000000e+00




After Blocking,
Blocksize = 4

 Dimension       Time    Gflop/s       GB/s        Error
         4   0.405444   4.932866   7.399298 0.000000e+00
        52   0.290857   6.876271  10.314406 0.000000e+00
       100   0.266288   7.518165  11.277247 0.000000e+00
       148   0.282083   7.102263  10.653394 0.000000e+00
       196   0.279141   7.175066  10.762598 0.000000e+00
       244   0.268806   7.457770  11.186656 0.000000e+00
       292   0.280050   7.289981  10.934972 0.000000e+00
       340   0.271740   7.521187  11.281781 0.000000e+00
       388   0.299381   7.023815  10.535722 0.000000e+00
       436   0.312510   6.895548  10.343322 0.000000e+00
       484   0.305007   6.691118  10.036676 0.000000e+00
       532   0.292362   7.210113  10.815170 0.000000e+00
       580   0.321023   7.293380  10.940069 0.000000e+00
       628   0.329296   7.521287  11.281930 0.000000e+00
       676   0.340364   7.260839  10.891259 0.000000e+00
       724   0.300129   7.586801  11.380201 0.000000e+00
       772   0.373218   7.396736  11.095104 0.000000e+00
       820   0.304524   7.242367  10.863551 0.000000e+00
       868   0.348881   7.497941  11.246912 0.000000e+00
       916   0.419538   7.327830  10.991744 0.000000e+00
       964   0.473214   7.572398  11.358597 0.000000e+00
      1012   0.273026   7.592185  11.388278 0.000000e+00
      1060   0.331626   7.182878  10.774317 0.000000e+00
      1108   0.364698   7.459603  11.189404 0.000000e+00
      1156   0.421467   7.330609  10.995913 0.000000e+00
      1204   0.464913   7.508232  11.262348 0.000000e+00
      1252   0.529170   7.417338  11.126007 0.000000e+00
      1300   0.618443   7.104938  10.657407 0.000000e+00
      1348   0.668228   7.331201  10.996802 0.000000e+00
      1396   0.722044   7.535678  11.303517 0.000000e+00
      1444   0.808128   7.451634  11.177452 0.000000e+00
      1492   0.891372   7.452076  11.178115 0.000000e+00
      1540   0.986691   7.403052  11.104578 0.000000e+00
      1588   1.102287   7.265856  10.898784 0.000000e+00
      1636   1.159235   7.554545  11.331818 0.000000e+00
      1684   1.289751   7.405433  11.108149 0.000000e+00
      1732   1.397617   7.435077  11.152615 0.000000e+00
      1780   1.503847   7.500432  11.250648 0.000000e+00
      1828   1.633030   7.481080  11.221620 0.000000e+00
      1876   1.782811   7.406672  11.110008 0.000000e+00
      1924   1.905766   7.474386  11.211579 0.000000e+00
      1972   2.119805   7.235270  10.852905 0.000000e+00


Blocksize = 8
        8   0.386973   5.168328   7.752492 0.000000e+00
        56   0.348304   5.742869   8.614303 0.000000e+00
       104   0.358498   5.578854   8.368281 0.000000e+00
       152   0.378658   5.286380   7.929570 0.000000e+00
       200   0.368926   5.464518   8.196776 0.000000e+00
       248   0.362278   5.557593   8.336390 0.000000e+00
       296   0.378135   5.349616   8.024424 0.000000e+00
       344   0.383021   5.314013   7.971019 0.000000e+00
       392   0.393255   5.207897   7.811845 0.000000e+00
       440   0.400507   5.104566   7.656848 0.000000e+00
       488   0.389589   5.369393   8.054090 0.000000e+00
       536   0.403798   5.338975   8.008463 0.000000e+00
       584   0.449291   5.319756   7.979634 0.000000e+00
       632   0.378200   5.339737   8.009606 0.000000e+00
       680   0.483790   5.199479   7.799219 0.000000e+00
       728   0.437454   5.291911   7.937866 0.000000e+00
       776   0.542795   5.165364   7.748047 0.000000e+00
       824   0.429399   5.211714   7.817571 0.000000e+00
       872   0.521852   5.082318   7.623477 0.000000e+00
       920   0.597379   5.214033   7.821050 0.000000e+00
       968   0.693297   5.233194   7.849791 0.000000e+00
      1016   0.387004   5.419950   8.129925 0.000000e+00
      1064   0.439151   5.485817   8.228725 0.000000e+00
      1112   0.523726   5.250983   7.876474 0.000000e+00
      1160   0.595484   5.242441   7.863661 0.000000e+00
      1208   0.675671   5.217899   7.826849 0.000000e+00
      1256   0.766511   5.169883   7.754825 0.000000e+00
      1304   0.846939   5.236134   7.854201 0.000000e+00
      1352   0.948189   5.212727   7.819090 0.000000e+00
      1400   1.060261   5.176085   7.764127 0.000000e+00
      1448   1.150522   5.277651   7.916477 0.000000e+00
      1496   1.281376   5.225745   7.838617 0.000000e+00
      1544   1.430428   5.146427   7.719640 0.000000e+00
      1592   1.561748   5.167117   7.750675 0.000000e+00
      1640   1.738955   5.073098   7.609647 0.000000e+00
      1688   1.818250   5.290462   7.935694 0.000000e+00
      1736   2.036870   5.137075   7.705613 0.000000e+00
      1784   2.153196   5.273888   7.910833 0.000000e+00
      1832   2.337376   5.261116   7.891674 0.000000e+00
      1880   2.607145   5.097279   7.645919 0.000000e+00
      1928   2.812878   5.095656   7.643484 0.000000e+00
      1976   2.998066   5.146945   7.720418 0.000000e+00

Blocksize = 16

        16   0.786424   2.543160   3.814741 0.000000e+00
        64   0.786721   2.542400   3.813599 0.000000e+00
       112   0.783462   2.553561   3.830341 0.000000e+00
       160   1.023212   1.961509   2.942264 0.000000e+00
       208   0.831017   2.425650   3.638475 0.000000e+00
       256   1.199141   1.678924   2.518386 0.000000e+00
       304   0.824187   2.454299   3.681449 0.000000e+00
       352   0.867188   2.313515   3.470273 0.000000e+00
       400   0.849633   2.410453   3.615679 0.000000e+00
       448   1.037153   2.080666   3.120999 0.000000e+00
       496   0.927459   2.368225   3.552337 0.000000e+00
       544   0.988582   2.279881   3.419822 0.000000e+00
       592   0.891480   2.327306   3.490960 0.000000e+00
       640   1.062713   1.973395   2.960093 0.000000e+00
       688   1.146987   2.271417   3.407126 0.000000e+00
       736   1.100483   2.173709   3.260564 0.000000e+00
       784   1.270847   2.275130   3.412695 0.000000e+00
       832   1.119045   2.058650   3.087975 0.000000e+00
       880   1.199700   2.272142   3.408213 0.000000e+00
       928   1.454330   2.198067   3.297101 0.000000e+00
       976   1.619321   2.296553   3.444830 0.000000e+00
      1024   1.607276   1.336102   2.004152 0.000000e+00
      1072   1.084970   2.270893   3.406339 0.000000e+00
      1120   1.277413   2.199646   3.299469 0.000000e+00
      1168   1.423184   2.239224   3.358836 0.000000e+00
      1216   1.746248   2.059324   3.088987 0.000000e+00
      1264   1.768544   2.283786   3.425679 0.000000e+00
      1312   2.019676   2.236401   3.354602 0.000000e+00
      1360   2.198014   2.288844   3.433267 0.000000e+00
      1408   2.747656   2.031775   3.047662 0.000000e+00
      1456   2.714125   2.274492   3.411737 0.000000e+00
      1504   2.959869   2.298799   3.448198 0.000000e+00
      1552   3.199716   2.336650   3.504975 0.000000e+00
      1600   3.705227   2.210931   3.316396 0.000000e+00
      1648   3.774736   2.371456   3.557184 0.000000e+00
      1696   4.236051   2.303278   3.454917 0.000000e+00
      1744   4.440671   2.389026   3.583538 0.000000e+00
      1792   6.709070   1.715464   2.573197 0.000000e+00
      1840   5.755422   2.164743   3.247114 0.000000e+00
      1888   6.261964   2.149440   3.224161 0.000000e+00
      1936   6.779739   2.140588   3.210882 0.000000e+00
      1984   7.686119   2.032113   3.048170 0.000000e+00

The optimal Blacksize is 4

4.  
Jacobi
N    Time
10     0.07  
20    1.45
40     0.95
100    0.02
1000    1.5
2000    14.42 

Gauss-Seidel
N    Time
10     4.8  
20    1.97
40     6.47
100    46.79  
