When you put the loop for blocks in between loops for i and k,
 Dimension       Time    Gflop/s       GB/s        Error
        16   0.431689   4.632973   6.949459 0.000000e+00
        64   0.274589   7.284203  10.926304 0.000000e+00
       112   0.280163   7.140909  10.711363 0.000000e+00
       160   0.299947   6.691315  10.036972 0.000000e+00
       208   0.344750   5.847004   8.770507 0.000000e+00
       256   0.398966   5.046212   7.569319 0.000000e+00
       304   0.331981   6.093118   9.139677 0.000000e+00
       352   0.320833   6.253269   9.379904 0.000000e+00
       400   0.320392   6.392173   9.588260 0.000000e+00
       448   0.351279   6.143183   9.214774 0.000000e+00
       496   0.350822   6.260815   9.391223 0.000000e+00
       544   0.358945   6.279097   9.418645 0.000000e+00
       592   0.333449   6.222079   9.333119 0.000000e+00
       640   0.330054   6.353966   9.530949 0.000000e+00
       688   0.404338   6.443330   9.664995 0.000000e+00
       736   0.371649   6.436526   9.654789 0.000000e+00
       784   0.427264   6.767104  10.150655 0.000000e+00
       832   0.331606   6.947159  10.420738 0.000000e+00
       880   0.393080   6.934692  10.402039 0.000000e+00
       928   0.463183   6.901624  10.352436 0.000000e+00
       976   0.539941   6.887524  10.331286 0.000000e+00
      1024   0.311979   6.883424  10.325136 0.000000e+00
      1072   0.363733   6.773780  10.160670 0.000000e+00
      1120   0.405564   6.928266  10.392399 0.000000e+00
      1168   0.459555   6.934588  10.401882 0.000000e+00
      1216   0.518701   6.932885  10.399328 0.000000e+00
      1264   0.602341   6.705463  10.058195 0.000000e+00
      1312   0.682929   6.613873   9.920809 0.000000e+00
      1360   0.755543   6.658667   9.988000 0.000000e+00
      1408   0.837593   6.665070   9.997605 0.000000e+00
      1456   0.929891   6.638687   9.958030 0.000000e+00
      1504   1.039485   6.545687   9.818531 0.000000e+00
      1552   1.139310   6.562408   9.843612 0.000000e+00
      1600   1.269252   6.454197   9.681296 0.000000e+00
      1648   1.467645   6.099307   9.148961 0.000000e+00
      1696   1.611802   6.053352   9.080028 0.000000e+00
      1744   1.807852   5.868224   8.802335 0.000000e+00
      1792   2.054724   5.601323   8.401985 0.000000e+00
      1840   2.360100   5.279016   7.918525 0.000000e+00
      1888   2.747569   4.898773   7.348159 0.000000e+00
      1936   3.064065   4.736396   7.104595 0.000000e+00
      1984   3.513355   4.445626   6.668439 0.000000e+00


When you put the loop for blocks outside the loops for i and k,

Dimension       Time    Gflop/s       GB/s        Error
        16   0.440630   4.538959   6.808438 0.000000e+00
        64   0.265299   7.539270  11.308906 0.000000e+00
       112   0.261064   7.663333  11.495000 0.000000e+00
       160   0.319217   6.287384   9.431076 0.000000e+00
       208   0.388269   5.191644   7.787466 0.000000e+00
       256   0.414247   4.860060   7.290089 0.000000e+00
       304   0.420153   4.814436   7.221654 0.000000e+00
       352   0.404912   4.954794   7.432191 0.000000e+00
       400   0.407302   5.028204   7.542306 0.000000e+00
       448   0.440241   4.901789   7.352683 0.000000e+00
       496   0.450447   4.876114   7.314171 0.000000e+00
       544   0.450883   4.998742   7.498112 0.000000e+00
       592   0.408619   5.077456   7.616184 0.000000e+00
       640   0.431251   4.862946   7.294420 0.000000e+00
       688   0.533687   4.881670   7.322506 0.000000e+00
       736   0.480894   4.974334   7.461502 0.000000e+00
       784   0.583728   4.953234   7.429851 0.000000e+00
       832   0.460704   5.000439   7.500658 0.000000e+00
       880   0.551712   4.940785   7.411177 0.000000e+00
       928   0.638639   5.005514   7.508271 0.000000e+00
       976   0.758199   4.904855   7.357282 0.000000e+00
      1024   0.461476   4.653516   6.980273 0.000000e+00
      1072   0.526902   4.676104   7.014155 0.000000e+00
      1120   0.598162   4.697480   7.046220 0.000000e+00
      1168   0.687317   4.636618   6.954927 0.000000e+00
      1216   0.762896   4.713740   7.070610 0.000000e+00
      1264   0.853580   4.731805   7.097707 0.000000e+00
      1312   0.966230   4.674673   7.012009 0.000000e+00
      1360   1.085548   4.634445   6.951667 0.000000e+00
      1408   1.193357   4.678080   7.017121 0.000000e+00
      1456   1.326426   4.654049   6.981074 0.000000e+00
      1504   1.471786   4.623054   6.934581 0.000000e+00
      1552   1.628750   4.590402   6.885603 0.000000e+00
      1600   1.787196   4.583717   6.875575 0.000000e+00
      1648   2.006088   4.462228   6.693341 0.000000e+00
      1696   2.222936   4.389152   6.583729 0.000000e+00
      1744   2.495088   4.251905   6.377858 0.000000e+00
      1792   2.711957   4.243861   6.365792 0.000000e+00
      1840   3.252774   3.830272   5.745408 0.000000e+00
      1888   3.698957   3.638788   5.458182 0.000000e+00
      1936   4.240112   3.422699   5.134049 0.000000e+00
      1984   5.226152   2.988636   4.482954 0.000000e+00

When you put the loop for blocks inside the loops for i and k,


Dimension       Time    Gflop/s       GB/s        Error
        16   0.868571   2.302637   3.453956 0.000000e+00
        64   1.074206   1.861987   2.792981 0.000000e+00
       112   1.550098   1.290640   1.935959 0.000000e+00
       160   1.557042   1.289009   1.933513 0.000000e+00
       208   1.655295   1.217763   1.826644 0.000000e+00
       256   2.212193   0.910077   1.365116 0.000000e+00
       304   1.728401   1.170331   1.755497 0.000000e+00
       352   1.729162   1.160246   1.740369 0.000000e+00
       400   1.781660   1.149490   1.724235 0.000000e+00
       448   1.921461   1.123088   1.684632 0.000000e+00
       496   1.911859   1.148845   1.723268 0.000000e+00
       544   1.989374   1.132943   1.699415 0.000000e+00
       592   1.826654   1.135818   1.703728 0.000000e+00
       640   2.285056   0.917768   1.376652 0.000000e+00
       688   2.304490   1.130526   1.695789 0.000000e+00
       736   2.123868   1.126308   1.689462 0.000000e+00
       784   2.826700   1.022868   1.534302 0.000000e+00
       832   2.493986   0.923711   1.385566 0.000000e+00
       880   2.426801   1.123243   1.684865 0.000000e+00
       928   2.870535   1.113631   1.670446 0.000000e+00
       976   3.337840   1.114151   1.671226 0.000000e+00
      1024   2.390712   0.898261   1.347392 0.000000e+00
      1072   2.207282   1.116237   1.674356 0.000000e+00
      1120   2.645426   1.062156   1.593234 0.000000e+00
      1168   2.874654   1.108595   1.662893 0.000000e+00
      1216   4.001316   0.898727   1.348091 0.000000e+00
      1264   3.663615   1.102456   1.653685 0.000000e+00
      1312   4.779301   0.945077   1.417615 0.000000e+00
      1360   5.336227   0.942784   1.414177 0.000000e+00
      1408   6.224214   0.896920   1.345379 0.000000e+00
      1456   5.670011   1.088755   1.633133 0.000000e+00
      1504   7.924116   0.858663   1.287994 0.000000e+00
      1552   7.640005   0.978614   1.467921 0.000000e+00
      1600   9.972697   0.821443   1.232164 0.000000e+00
      1648   9.270897   0.965561   1.448342 0.000000e+00
      1696  13.266126   0.735467   1.103201 0.000000e+00
      1744  12.560239   0.844640   1.266960 0.000000e+00
      1792  15.492179   0.742902   1.114353 0.000000e+00
      1840  18.027204   0.691123   1.036684 0.000000e+00
      1888  19.383028   0.694407   1.041611 0.000000e+00
      1936  21.650538   0.670313   1.005469 0.000000e+00
      1984  23.947116   0.652232   0.978347 0.000000e+00











<<<<<<< HEAD
4.  N    Time
    50    0.06   30
=======
4.  
Jacobi
N    Time
10     0.07  
20    1.45
40     0.95
100    0.02
1000    1.5
2000    14.42 

Gauss-Seidel
N    Time
10     4.8  
20    1.97
40     6.47
100    46.79  
>>>>>>> fd2790418c643ce019271e1a30514bab38935ec2
